GAME_DATA
HP		: 280.000000
POS		: 8.381557,114.745979,115.809586
STAGE	: 1