GAME_DATA
HP		: 840.000000
POS		: 71.524597,104.726440,95.758781
STAGE	: 1